function  T=fmin(x)
   
    % d1=x(1);d4=x(2);d6=x(3);a1=x(4);a2=x(5);a3=x(6);
    L1 = 815;
    L2 =  x(1) ;
    L3 = x(2) ;
    L4 = x(3);
    L5 = x(4);
    L6 = x(5);
    angle_err1 = x(6);
    angle_err2 = x(7);
    angle_err3 = x(8);
    angle_err4 = x(9);
    angle_err5 = x(10);
  angle = [
 -0.357268897883239,-0.680678408277789,-0.663225115757845,1.16937059883620,-1.65806278939461,0.907571211037051;-0.322362312843353,-0.575958653158129,-0.785398163397448,1.25663706143592,-1.62315620435473,0.802851455917392;-0.776147918361878,-0.663225115757845,-0.890117918517108,0.628318530717959,-1.58824961931484,0.802851455917392;-0.374722190403183,-0.855211333477221,-0.471238898038469,1.11701072127637,-1.55334303427495,0.837758040957278;-0.392175482923126,-0.733038285837618,-0.593411945678072,1.08210413623648,-1.55334303427495,0.890117918517108;-0.427082067963012,-0.855211333477221,-0.349065850398866,1.18682389135614,-1.51843644923507,1.13446401379631;-0.427082067963012,-0.802851455917392,-0.401425727958696,1.13446401379631,-1.51843644923507,1.06465084371654;-0.357268897883239,-0.418879020478639,-0.785398163397448,1.02974425867665,-1.51843644923507,1.09955742875643;-0.357268897883239,-0.750491578357562,-0.750491578357562,0.907571211037051,-1.51843644923507,0.785398163397448;-0.741241333321992,-0.558505360638186,-0.820304748437335,0.767944870877505,-1.51843644923507,0.698131700797732;-0.339815605363296,-0.750491578357562,-0.767944870877505,0.925024503556995,-1.50098315671512,0.698131700797732;-0.409628775443069,-0.802851455917392,-0.314159265358979,1.20427718387609,-1.48352986419518,1.08210413623648;-0.392175482923126,-0.488692190558412,-0.401425727958696,1.25663706143592,-1.46607657167524,1.48352986419518;-0.392175482923126,-0.506145483078356,-0.401425727958696,1.22173047639603,-1.46607657167524,1.32645023151569;-0.357268897883239,-0.610865238198015,-0.663225115757845,1.15191730631626,-1.46607657167524,1.09955742875643;-0.357268897883239,-0.610865238198015,-0.750491578357562,1.13446401379631,-1.46607657167524,0.872664625997165;-0.392175482923126,-0.663225115757845,-0.663225115757845,0.907571211037051,-1.46607657167524,0.977384381116825;-0.339815605363296,-0.209439510239320,-0.610865238198015,1.27409035395586,-1.44862327915529,1.27409035395586;-0.322362312843353,-0.575958653158129,-0.767944870877505,1.18682389135614,-1.44862327915529,0.925024503556995;-0.322362312843353,-0.610865238198015,-0.837758040957278,1.16937059883620,-1.44862327915529,0.872664625997165;-0.427082067963012,-0.837758040957278,-0.488692190558412,0.872664625997165,-1.44862327915529,1.02974425867665;-0.793601210881822,-0.750491578357562,-0.523598775598299,0.733038285837618,-1.44862327915529,1.02974425867665;-0.392175482923126,-0.541052068118242,-0.680678408277789,1.09955742875643,-1.43116998663535,1.08210413623648;-0.374722190403183,-0.680678408277789,-0.506145483078356,1.02974425867665,-1.43116998663535,0.994837673636768;-0.374722190403183,-0.506145483078356,-0.593411945678072,0.942477796076938,-1.43116998663535,1.16937059883620;-0.339815605363296,-0.471238898038469,-0.855211333477221,1.16937059883620,-1.41371669411541,0.925024503556995;-0.392175482923126,-0.558505360638186,-0.506145483078356,1.16937059883620,-1.41371669411541,1.08210413623648;-0.357268897883239,-0.575958653158129,-0.715584993317675,0.994837673636768,-1.41371669411541,0.890117918517108;-0.758694625841935,-0.663225115757845,-0.855211333477221,0.541052068118242,-1.41371669411541,0.785398163397448;-0.409628775443069,-0.593411945678072,-0.331612557878923,1.27409035395586,-1.39626340159546,1.22173047639603;-0.427082067963012,-0.837758040957278,-0.244346095279206,1.09955742875643,-1.39626340159546,1.20427718387609;-0.339815605363296,-0.750491578357562,-0.698131700797732,0.994837673636768,-1.39626340159546,0.680678408277789;-0.723788040802049,-0.575958653158129,-0.628318530717959,0.890117918517108,-1.39626340159546,1.08210413623648;-0.793601210881822,-0.645771823237902,-0.575958653158129,0.663225115757845,-1.39626340159546,0.802851455917392;-0.304909020323409,-0.0349065850398866,-0.593411945678072,1.32645023151569,-1.37881010907552,1.51843644923507;-0.357268897883239,-0.279252680319093,-0.750491578357562,1.23918376891597,-1.37881010907552,1.02974425867665;-0.409628775443069,-0.523598775598299,-0.610865238198015,1.06465084371654,-1.37881010907552,1.04719755119660;-0.427082067963012,-0.767944870877505,-0.383972435438753,1.01229096615671,-1.37881010907552,1.13446401379631;-0.444535360482956,-0.785398163397448,-0.244346095279206,0.977384381116825,-1.37881010907552,1.02974425867665;-0.357268897883239,-0.349065850398866,-0.820304748437335,1.15191730631626,-1.36135681655558,0.959931088596881;-0.392175482923126,-0.733038285837618,-0.488692190558412,1.09955742875643,-1.36135681655558,0.994837673636768;-0.427082067963012,-0.715584993317675,-0.226892802759263,1.09955742875643,-1.36135681655558,1.30899693899575;-0.374722190403183,-0.541052068118242,-0.698131700797732,1.02974425867665,-1.36135681655558,0.977384381116825;-0.427082067963012,-0.802851455917392,-0.418879020478639,1.01229096615671,-1.36135681655558,1.04719755119660;-0.357268897883239,-0.261799387799149,-0.523598775598299,1.36135681655558,-1.34390352403563,1.34390352403563;-0.357268897883239,-0.314159265358979,-0.453785605518526,1.27409035395586,-1.34390352403563,1.34390352403563;-0.357268897883239,-0.157079632679490,-0.785398163397448,1.25663706143592,-1.34390352403563,1.32645023151569;-0.322362312843353,-0.506145483078356,-0.715584993317675,1.22173047639603,-1.34390352403563,1.09955742875643;-0.357268897883239,-0.174532925199433,-0.645771823237902,1.22173047639603,-1.34390352403563,1.48352986419518;-0.357268897883239,-0.261799387799149,-0.523598775598299,1.20427718387609,-1.34390352403563,1.53588974175501
];
