function  T=fmin(x)
   
    % d1=x(1);d4=x(2);d6=x(3);a1=x(4);a2=x(5);a3=x(6);
    L1 = x(1);
    L2 =  x(2) ;
    L3 = x(3) ;
    L4 = x(4);
    L5 = x(5);
    L6 = x(6);
    angle_err1 = x(7);
    angle_err2 = x(8);
    angle_err3 = x(9);
    angle_err4 = x(10);
    angle_err5 = x(11);
    angle_err6 = x(12);

    m11 = x(13);
    m12 = x(14);
    m13 = x(15);
    m21 = x(16);
    m22 = x(17);
    m23 = x(18);
    m31 = x(19);
    m32 = x(20);
    m33 = x(21);
    m41 = x(22);
    m42 = x(23);
    m43 = x(24);
    m51 = x(25);
    m52 = x(26);
    m53 = x(27);
    m61 = x(28);
    m62 = x(29);
    m63 = x(30);
    
    angle = [
-0.358839694210034,-0.680678408277789,-0.663225115757845,1.16937059883620,-1.65806278939461,0.907571211037051;-0.323933109170148,-0.575958653158129,-0.785398163397448,1.25663706143592,-1.62315620435473,0.802851455917392;-0.777718714688673,-0.663225115757845,-0.890117918517108,0.628318530717959,-1.58824961931484,0.802851455917392;-0.376292986729977,-0.855211333477221,-0.471238898038469,1.11701072127637,-1.55334303427495,0.837758040957278;-0.393746279249921,-0.733038285837618,-0.593411945678072,1.08210413623648,-1.55334303427495,0.890117918517108;-0.428652864289807,-0.855211333477221,-0.349065850398866,1.18682389135614,-1.51843644923507,1.13446401379631;-0.428652864289807,-0.802851455917392,-0.401425727958696,1.13446401379631,-1.51843644923507,1.06465084371654;-0.358839694210034,-0.418879020478639,-0.785398163397448,1.02974425867665,-1.51843644923507,1.09955742875643;-0.358839694210034,-0.750491578357562,-0.750491578357562,0.907571211037051,-1.51843644923507,0.785398163397448;-0.742812129648787,-0.558505360638186,-0.820304748437335,0.767944870877505,-1.51843644923507,0.698131700797732;-0.341386401690091,-0.750491578357562,-0.767944870877505,0.925024503556995,-1.50098315671512,0.698131700797732;-0.411199571769864,-0.802851455917392,-0.314159265358979,1.20427718387609,-1.48352986419518,1.08210413623648;-0.393746279249921,-0.488692190558412,-0.401425727958696,1.25663706143592,-1.46607657167524,1.48352986419518;-0.393746279249921,-0.506145483078356,-0.401425727958696,1.22173047639603,-1.46607657167524,1.32645023151569;-0.358839694210034,-0.610865238198015,-0.663225115757845,1.15191730631626,-1.46607657167524,1.09955742875643;-0.358839694210034,-0.610865238198015,-0.750491578357562,1.13446401379631,-1.46607657167524,0.872664625997165;-0.393746279249921,-0.663225115757845,-0.663225115757845,0.907571211037051,-1.46607657167524,0.977384381116825;-0.341386401690091,-0.209439510239320,-0.610865238198015,1.27409035395586,-1.44862327915529,1.27409035395586;-0.323933109170148,-0.575958653158129,-0.767944870877505,1.18682389135614,-1.44862327915529,0.925024503556995;-0.323933109170148,-0.610865238198015,-0.837758040957278,1.16937059883620,-1.44862327915529,0.872664625997165;-0.428652864289807,-0.837758040957278,-0.488692190558412,0.872664625997165,-1.44862327915529,1.02974425867665;-0.795172007208617,-0.750491578357562,-0.523598775598299,0.733038285837618,-1.44862327915529,1.02974425867665;-0.393746279249921,-0.541052068118242,-0.680678408277789,1.09955742875643,-1.43116998663535,1.08210413623648;-0.376292986729977,-0.680678408277789,-0.506145483078356,1.02974425867665,-1.43116998663535,0.994837673636768;-0.376292986729977,-0.506145483078356,-0.593411945678072,0.942477796076938,-1.43116998663535,1.16937059883620;-0.341386401690091,-0.471238898038469,-0.855211333477221,1.16937059883620,-1.41371669411541,0.925024503556995;-0.393746279249921,-0.558505360638186,-0.506145483078356,1.16937059883620,-1.41371669411541,1.08210413623648;-0.358839694210034,-0.575958653158129,-0.715584993317675,0.994837673636768,-1.41371669411541,0.890117918517108;-0.760265422168730,-0.663225115757845,-0.855211333477221,0.541052068118242,-1.41371669411541,0.785398163397448;-0.411199571769864,-0.593411945678072,-0.331612557878923,1.27409035395586,-1.39626340159546,1.22173047639603;-0.428652864289807,-0.837758040957278,-0.244346095279206,1.09955742875643,-1.39626340159546,1.20427718387609;-0.341386401690091,-0.750491578357562,-0.698131700797732,0.994837673636768,-1.39626340159546,0.680678408277789;-0.725358837128843,-0.575958653158129,-0.628318530717959,0.890117918517108,-1.39626340159546,1.08210413623648;-0.795172007208617,-0.645771823237902,-0.575958653158129,0.663225115757845,-1.39626340159546,0.802851455917392;-0.306479816650204,-0.0349065850398866,-0.593411945678072,1.32645023151569,-1.37881010907552,1.51843644923507;-0.358839694210034,-0.279252680319093,-0.750491578357562,1.23918376891597,-1.37881010907552,1.02974425867665;-0.411199571769864,-0.523598775598299,-0.610865238198015,1.06465084371654,-1.37881010907552,1.04719755119660;-0.428652864289807,-0.767944870877505,-0.383972435438753,1.01229096615671,-1.37881010907552,1.13446401379631;-0.446106156809751,-0.785398163397448,-0.244346095279206,0.977384381116825,-1.37881010907552,1.02974425867665;-0.358839694210034,-0.349065850398866,-0.820304748437335,1.15191730631626,-1.36135681655558,0.959931088596881;-0.393746279249921,-0.733038285837618,-0.488692190558412,1.09955742875643,-1.36135681655558,0.994837673636768;-0.428652864289807,-0.715584993317675,-0.226892802759263,1.09955742875643,-1.36135681655558,1.30899693899575;-0.376292986729977,-0.541052068118242,-0.698131700797732,1.02974425867665,-1.36135681655558,0.977384381116825;-0.428652864289807,-0.802851455917392,-0.418879020478639,1.01229096615671,-1.36135681655558,1.04719755119660;-0.358839694210034,-0.261799387799149,-0.523598775598299,1.36135681655558,-1.34390352403563,1.34390352403563;-0.358839694210034,-0.314159265358979,-0.453785605518526,1.27409035395586,-1.34390352403563,1.34390352403563;-0.358839694210034,-0.157079632679490,-0.785398163397448,1.25663706143592,-1.34390352403563,1.32645023151569;-0.323933109170148,-0.506145483078356,-0.715584993317675,1.22173047639603,-1.34390352403563,1.09955742875643;-0.358839694210034,-0.174532925199433,-0.645771823237902,1.22173047639603,-1.34390352403563,1.48352986419518;-0.358839694210034,-0.261799387799149,-0.523598775598299,1.20427718387609,-1.34390352403563,1.53588974175501;-0.428652864289807,-0.506145483078356,-0.279252680319093,1.18682389135614,-1.34390352403563,1.30899693899575;-0.463559449329694,-1.01229096615671,0.0872664625997165,1.16937059883620,-1.34390352403563,1.29154364647580;-0.463559449329694,-1.02974425867665,0.0174532925199433,1.01229096615671,-1.34390352403563,1.23918376891597;-0.795172007208617,-0.401425727958696,-0.837758040957278,0.872664625997165,-1.34390352403563,1.02974425867665;-0.376292986729977,-0.331612557878923,-0.383972435438753,1.25663706143592,-1.32645023151569,1.25663706143592;-0.341386401690091,-0.122173047639603,-0.593411945678072,1.16937059883620,-1.32645023151569,1.32645023151569;-0.446106156809751,-0.925024503556995,-0.0872664625997165,1.08210413623648,-1.32645023151569,1.06465084371654;-0.376292986729977,-0.349065850398866,-0.802851455917392,0.994837673636768,-1.32645023151569,1.01229096615671;-0.428652864289807,-0.628318530717959,-0.523598775598299,0.977384381116825,-1.32645023151569,0.890117918517108;-0.428652864289807,-0.785398163397448,-0.418879020478639,0.977384381116825,-1.32645023151569,1.04719755119660;-0.306479816650204,-0.0523598775598299,-0.575958653158129,1.39626340159546,-1.30899693899575,1.69296937443450;-0.393746279249921,-0.506145483078356,-0.401425727958696,1.22173047639603,-1.30899693899575,1.20427718387609;-0.393746279249921,-0.628318530717959,-0.628318530717959,1.13446401379631,-1.30899693899575,0.820304748437335;-0.393746279249921,-0.785398163397448,-0.453785605518526,1.08210413623648,-1.30899693899575,0.907571211037051;-0.830078592248503,-0.820304748437335,-0.349065850398866,0.767944870877505,-1.30899693899575,1.09955742875643;-0.760265422168730,-0.279252680319093,-0.907571211037051,0.715584993317675,-1.30899693899575,0.907571211037051;-0.393746279249921,-0.296705972839036,-0.122173047639603,1.44862327915529,