function  T=fmin6Dimension(x)
   
    % d1=x(1);d4=x(2);d6=x(3);a1=x(4);a2=x(5);a3=x(6);
    L1 = 455;
    % L2 =  592.2479 ;
    % L3 = 152.864 ;
    % L4 = 638.5421;
    L5 = 193.16;
%     L6 = 150.3243;
    L2 =  x(1) ;
    L3 = x(2) ;
    L4 = x(3);
    L6 = x(4);
    w_x = x(5);
    w_y = x(6);
    w_z = x(7);
%     w_x = sqrt(1- x(6)^2 - x(5)^2
    
    
    
    
    angle = [
   0.000000199000000  -0.000028310000000  -0.000028950000000   0.000003604000000  -0.000159288000000   0.000094932000000
   0.000006144000000  -0.000029678000000  -0.000029563000000   0.000009913000000  -0.000163626000000   0.000100997000000
   0.000010669000000  -0.000030713000000  -0.000030027000000   0.000014701000000  -0.000166943000000   0.000105609000000
   0.000020124000000  -0.000032882000000  -0.000030995000000   0.000024740000000  -0.000173831000000   0.000115383000000
   0.000032265000000  -0.000035667000000  -0.000032245000000   0.000037588000000  -0.000182677000000   0.000127870000000
   0.000034010000000  -0.000033824000000  -0.000034345000000   0.000037058000000  -0.000183940000000   0.000129667000000
   0.000037902000000  -0.000040234000000  -0.000022493000000   0.000042097000000  -0.000183797000000   0.000125112000000
   0.000041113000000  -0.000045499000000  -0.000012736000000   0.000052319000000  -0.000183682000000   0.000121340000000
   0.000043761000000  -0.000049864000000  -0.000004667000000   0.000058812000000  -0.000183586000000   0.000118162000000
   0.000048324000000  -0.000057367000000   0.000009231000000   0.000061288000000  -0.000183410000000   0.000112740000000
   0.000055906000000  -0.000069809000000   0.000032336000000   0.000065407000000  -0.000183106000000   0.000103912000000
   0.000055906000000  -0.000065495000000   0.000029056000000   0.000062847000000  -0.000187190000000   0.000103911000000
   0.000065972000000  -0.000052082000000  -0.000000405000000   0.000075376000000  -0.000186171000000   0.000093265000000
   0.000071080000000  -0.000045258000000  -0.000013792000000   0.000074981000000  -0.000183064000000   0.000086152000000
   0.000075515000000  -0.000039334000000  -0.000025428000000   0.000083740000000  -0.000196460000000   0.000079932000000
   0.000078204000000  -0.000035751000000  -0.000039501000000   0.000088205000000  -0.000192363000000   0.000070717000000
   0.000078225000000  -0.000035720000000  -0.000032500000000   0.000080192000000  -0.000195948000000   0.000076204000000
   0.000088983000000  -0.000037612000000  -0.000029425000000   0.000084737000000  -0.000181944000000   0.000060370000000
   0.000089028000000  -0.000037618000000  -0.000029410000000   0.000084753000000  -0.000199751000000   0.000060667000000
   0.000096271000000  -0.000029928000000  -0.000002880000000   0.000110953000000  -0.000179980000000   0.000011930000000
   0.000098846000000  -0.000021171000000  -0.000014920000000   0.000114977000000  -0.000181407000000  -0.000004653000000
   0.000101571000000  -0.000011860000000  -0.000027714000000   0.000083707000000  -0.000190650000000  -0.000000368000000
   0.000094052000000  -0.000004675000000  -0.000022227000000   0.000095284000000  -0.000176545000000  -0.000032355000000
   0.000088399000000   0.000000721000000  -0.000018104000000   0.000106124000000  -0.000175155000000  -0.000057057000000
   0.000080320000000   0.000008440000000  -0.000015017000000   0.000074042000000  -0.000184437000000  -0.000082596000000
   0.000076143000000   0.000012439000000  -0.000009169000000   0.000102863000000  -0.000187504000000  -0.000095449000000
   0.000072153000000   0.000004276000000   0.000000238000000   0.000115847000000  -0.000192095000000  -0.000104925000000
   0.000065237000000  -0.000009879000000   0.000009183000000   0.000086427000000  -0.000186243000000  -0.000121036000000
   0.000060673000000  -0.000019227000000   0.000022890000000   0.000106920000000  -0.000171091000000  -0.000131744000000
   0.000056183000000  -0.000028404000000   0.000036357000000   0.000082419000000  -0.000178267000000  -0.000141977000000
   0.000053855000000  -0.000033161000000   0.000043348000000   0.000107995000000  -0.000178152000000  -0.000147105000000
   0.000049815000000  -0.000013710000000   0.000029307000000   0.000115084000000  -0.000177366000000  -0.000129500000000
   0.000046210000000   0.000003636000000   0.000003956000000   0.000112446000000  -0.000143267000000  -0.000113959000000
   0.000044266000000   0.000012987000000  -0.000009702000000   0.000113626000000  -0.000135163000000  -0.000144007000000
   0.000060375000000   0.000037795000000  -0.000026125000000   0.000116522000000  -0.000167552000000  -0.000174925000000
   0.000067130000000   0.000048198000000  -0.000026961000000   0.000098889000000  -0.000163124000000  -0.000200434000000
   0.000077121000000   0.000063582000000  -0.000028195000000   0.000114542000000  -0.000187173000000  -0.000236291000000
   0.000071475000000   0.000034503000000  -0.000006986000000   0.000099639000000  -0.000159076000000  -0.000228714000000
   0.000068385000000   0.000018589000000   0.000004621000000   0.000089101000000  -0.000158612000000  -0.000224440000000
   0.000064845000000   0.000000355000000   0.000017927000000   0.000079309000000  -0.000160884000000  -0.000219753000000
   0.000061785000000  -0.000015395000000   0.000029402000000   0.000083385000000  -0.000155843000000  -0.000215691000000
   0.000058561000000  -0.000031956000000   0.000041485000000   0.000087667000000  -0.000153669000000  -0.000211414000000
   0.000071653000000  -0.000019533000000   0.000035941000000   0.000097958000000  -0.000168739000000  -0.000195823000000
   0.000083454000000  -0.000008313000000   0.000030939000000   0.000111232000000  -0.000194954000000  -0.000182106000000
   0.000088843000000  -0.000003185000000   0.000028651000000   0.000073499000000  -0.000175582000000  -0.000175984000000
   0.000092238000000   0.000007583000000   0.000023592000000   0.000099610000000  -0.000184107000000  -0.000160521000000
   0.000095209000000   0.000017061000000   0.000019139000000   0.000080645000000  -0.000179830000000  -0.000146885000000
   0.000100293000000   0.000033221000000   0.000011544000000   0.000082962000000  -0.000179835000000  -0.000124137000000
   0.000086703000000   0.000015669000000   0.000019236000000   0.000109838000000  -0.000183381000000  -0.000147872000000
   0.000088587000000  -0.000000821000000   0.000027471000000   0.000072641000000  -0.000183797000000  -0.000172844000000
   0.000104494000000   0.000046557000000   0.000005278000000   0.000090773000000  -0.000183377000000  -0.000105320000000
   0.000050953000000   0.000013332000000   0.000016261000000   0.000093230000000  -0.000161041000000  -0.000121266000000
   0.000033090000000   0.000001940000000   0.000017699000000   0.000134717000000  -0.000166666000000  -0.000123254000000
   0.000022573000000  -0.000002723000000   0.000004051000000   0.000112726000000  -0.000160127000000  -0.000102637000000
   0.000025458000000  -0.000009051000000  -0.000019807000000   0.000064443000000  -0.000158937000000  -0.000067213000000
   0.000033009000000   0.000004345000000  -0.000030959000000   0.000065408000000  -0.000147779000000  -0.000060472000000
   0.000023612000000  -0.000004143000000  -0.000017628000000   0.000065550000000  -0.000130736000000  -0.000059462000000
   0.000004789000000  -0.000028438000000   0.000000636000000   0.000074918000000  -0.000130340000000  -0.000065753000000
   0.000000139000000  -0.000014546000000  -0.000009589000000   0.000040325000000  -0.000140389000000  -0.000064082000000
  -0.000006757000000  -0.000031273000000  -0.000009864000000  -0.000001256000000  -0.000141967000000  -0.000061628000000
  -0.000011492000000  -0.000028778000000  -0.000011510000000  -0.000024540000000  -0.000134516000000  -0.000059919000000
  -0.000011516000000  -0.000035170000000  -0.000008598000000  -0.000026109000000  -0.000120093000000  -0.000059925000000
