% angle conversion
pw = [
 -941.8464	2296.7527	154.2420
-1018.8812	2177.9680	23.3690
-954.2222	2284.0886	121.3095
-1016.3364	2232.4397	132.1934
-998.8214	2228.1067	74.3354
-1059.0286	2205.4834	100.8067
-917.6547	2222.5520	22.6445
-1037.8230	2192.2205	115.8789
-1048.4562	2165.1372	56.1599
-1003.3984	2173.2166	-30.6339
-1063.9586	2193.4138	129.9970
-1068.3473	2135.8892	80.6646
-968.4357	2271.4558	142.1061
-928.3752	2189.9319	45.8743
-951.8767	2290.5112	167.5663
-1034.7628	2240.5569	62.1218
-1018.3780	2186.6643	42.2948
-974.6494	2202.5591	-10.4997
-937.1714	2261.5742	110.1269
-959.7256	2304.6667	212.6436
-1019.7802	2256.6130	197.6589
-940.3857	2270.1987	135.8929
-947.5634	2257.2405	112.5328
-939.3118	2233.5854	71.0483
-955.5364	2240.5706	19.3373
-939.1895	2220.5276	16.3969
-958.1758	2241.0564	133.4946
-988.7380	2302.9114	227.4303
-971.9741	2184.7222	4.3768
-986.6740	2178.9009	-38.6035
-1035.8958	2240.9250	118.3519
-927.5510	2233.2461	41.2070
-1055.8672	2161.3687	53.1122
-1062.4347	2245.3821	142.0733
-981.4404	2270.5901	146.2442
-946.3153	2254.5972	50.0244
-929.6949	2253.0710	37.9756
-921.6288	2284.9868	66.8966
-977.5555	2188.4192	103.3500
-933.4388	2233.0505	13.4924
-944.9488	2266.9526	81.6450
-1046.2025	2207.2612	33.0458
-975.7473	2179.6255	-5.7604
-1079.9335	2200.1304	107.5304
-960.2552	2205.7893	50.4094
-961.2483	2280.8108	125.6408
-1049.3459	2233.6519	128.8778
-1035.0768	2185.9355	65.1084
-941.0790	2248.4199	81.4958
-979.9679	2274.3308	34.7979
-1043.1383	2132.8313	51.1782
-960.8680	2239.1138	85.1237
-985.9297	2159.9507	22.0002
-1059.5580	2155.0801	-0.7522
-985.8151	2265.7830	37.2265
-974.6964	2269.9131	146.6997
-1022.9988	2229.9983	145.7480
-977.1676	2197.4714	69.1994
-1019.7037	2279.6721	236.2827
-1017.0389	2277.2979	229.6278
-1023.2050	2242.1187	185.5539
-1094.9888	2219.3225	162.1468
-1008.9346	2160.4990	20.8459
-972.3571	2267.8992	94.3556
-1067.0166	2240.5759	184.6757
-996.1478	2202.4299	103.8219
-1060.0217	2211.2361	134.9839
-986.3898	2211.4385	62.3761
-1067.5739	2201.3801	104.7382
-898.9120	2212.7800	-11.0145
-1054.4023	2182.9756	111.0913
-995.7375	2197.6277	22.9405
-983.7007	2242.2385	118.2969
-916.0590	2218.9131	-0.7290
-978.1855	2244.7515	130.8136   

];
pw(:, 4) = 1;
pw = pw';

% Find the inverse of the transformation matrix T
% o = [-4.961549046029696e+02,3.366756208679640e+03,-1.044809274265763e+03];
% x =  [ 0.312886122923800  -0.949785863806771  -0.003014464220649];
% y = [ 0.949788394481738   0.312876891863663   0.003171158390188];
% z =  [-0.00206876409576192,-0.00385532185444945,0.999990428308449];
% 
% T = [x(1),y(1),z(1),o(1); 
%     x(2),y(2),z(2),o(2); 
%     x(3),y(3),z(3),o(3); 
%     0,0,0,1];
invT = [
   0.000312886122939  -0.000949785863779  -0.000003014471474   3.349787890518637;
   0.000949788394479   0.000312876891859   0.000003171159601  -0.578824791001117;
  -0.000002068765215  -0.000003855314586   0.000999990428334   1.056752750012296;
                   0                   0                   0   0.001000000000000;
                   ].*  1.0e+03 ;
pr = invT * pw;
pr =pr(1:3, :);
pr = pr';